34164 030524 0 36594 1023 35822 0 34926 2680 26922 0 23952 13676 23952 0 32660 4972 33402
0 30446 717734164 0 30524 0 34164 0
36666 950 32360 0 32132 547732226 0
36110
1521 33402 0 34920 0 21564 0 22782 14828 34926 0 33402 4229 32360 0 358221810
34920 0 32132
5479 32660 0
32660 4952 269220 30446 7171 36864 0 34920 0
320420 32360 0 32042 0
36594 1021 349260 36666 95234920 0 26922 10695 30446029034 0 30456 021564 16067 269220 21564
16047 34920 0 36666 0 34926 0 36666 953 34920 0 21564 14812 36666
0 33402 4216 22782 0 34164 37832042 0 32132 5493 36666
0 34926 2142
36036 0 34920 0 21564 0 36594 1036 23952 0 34926
2693 34926 0 30446 0
34920 0 34926 2694 30456 0
30446 7185 23952
036110 0 36864 0
23952 2872 33402 4227 34380 0 36110 1479 23952 13680 30446 0 35822 1474 30456 7135 34380 3250 29034 0 21564 14812
2278214848 34380 3252 23952 0 32660 4089
361101481 34926 2691
30524 0 34920 033402 0 32660 4971 23952
036110 1521 33402 0
23952 13605 36864
0 30456 0 36036030456 7165 30456 0 36594 1038 36594
0 349202693 32360 0 33402 4212 22782 0
30446 7186 30446 0 30456 0 30524 0 26922 10693 36036 0 341643454
23952 0
35822 1801 32660 0
32660 0
366660 349262706
36110 0 36036 1585
22782 0 30456 0 36110 0 30524 7095 30456 035822
1474 34926 0 32660 0
365940 34920 271222782 0 34926 2701 26922 0 36666 0 36594
0 34380 3240 320420 34164 3467 36110 0 34380 0 36666
0 33402 2163 290348597 36594 0 23952 2872 2395213639 32132 5500 30446 0 30446 6337 36666 924 22782
14809 30446
7177 36110 0 26922 0 32042 0 36036 1595 32132 029034 8597 320420 32360 5221
32360 0 30524 0 30456 0 36864757 30446 0 36110
1522 32226 021564 16058 23952 036666 95736110 0 36864 0 32660 0 34920 2711 34920 0 36594 0 32660 0 32042 5582 36594 0 32360 5265 34920
0 361101507 32226 5391 36110 1522 21564 0 36036159030446
0 36666 966 368640 22782 14845 30524 0 36864 764 26922 0 30446 7155 32042 0 2278214803 2395213633
30524
7061 34920 2677322265292 35822 1696 36666 866 323605174 2395213582 34380 3156 36864 759 304460 22782 14850 34920 2640 36864 768
29034 0 36110 1522 32360 5172 32042 5475 32042 5494 34926 259130524 6994 35822 1806 23952 0 22782 14850 36666 894 32042 5506 36864
698 35822 1697 23952 13580 30524 7009349262596 349202614 23952 13571 23952 13612
326604926
36110 1424 305246999 32132 5400 23952 13667 34380
0 36864 768
239521359529034 8558 26922
1067133402
4228 26922 0 32360 5272 36864 655 36864 668 34920 2603 34164 3368 32132 5385
34380 3138
36666862 36594 963 22782 1474132360
5162 35822 1706305246993
30456 7078 36594974
32132 5454 33402 4115 36864 659 35822 1710 32360 5155 30446
7086 29034 855232360 5157 33402 4112 36110 1426 36666920
34164 3372 21564 1595136594
94230446 7081 29034 8570 36110 0
36036 1596 32226 5291 36594 940 22782 14750
32660 4867 32226 5309 23952 13602
36666 920 349262604 30524
6999 36666870
26922
10603 34380 3206 23952 13584349262589 36594
942 29034 8493 34380
323730446 034920
271235822 1697 34920 2612 23952 13571 30446 708636864 653 22782 14736
33402 412629034
852332360 5163 29034 8488 34380
3137 32660 4857 326604856 36864 70334164
3353 21564 15957 36864 64830456 7063 34164 3370 29034 8489 32132 5432 32132 546536110 1450 30446 7102 36666 896 30524 6995 22782
14750 36666 867 30456 7066 26922 1061230446 7077 32042 5522 32132
5454 32042 5492 32360 516330524 7008 36110 1487
32226 0
30456 7176 26922 10700 32660 0 26922
10674 30524 0
33402
4219 32042 5555 29034 030446 7152 34920 0
36110 1511 32660 4939 34380 0 36594 1032 21564 16036 34380 0 35822 1801 36666 0358221799 22782 14842 34164 0 21564 16061
34920 0 36666955 34380 3156 34164
335132360 5176 32132 5395 22782 14805 36594
966 34164 3384 36110 1452 36110
1409 22782 14750 343803153 22782 14740 32360 5174 36666 857 21564 16000 30524 7094 30456 0 2692210710 23952
13580
32226 5299 334024126
22782 1478133402 4130 23952 13582
34164 3355 36864 652 34164 3358 29034 8516 36666 957 26922 0 21564 16068 34164 3410 32660 485729034 8489 33402413030456
7059 34380 3184 35822
1701 36110
141234164 3364 34164 3353 32360 5174 34920 2648 36036 155036666
851 33402 4121 322265306 36110 140534164 3368 304567130 32132
5385 21564 1595032660 4876 23952
13634 23952 13584 30524 6991 32132
5404
322265301 36864 693 34380 3225 23952 0 32226
5406 2395213565 32132 5391 36666 866 35822 1693
32360 5172 26922 10706 35822
021564 16068 30524
7023 32360 5232 33402 4172341643353 34926 2597 36864
668 36666
849 26922 10642 32660 4863 305246998 32360 5168 358221695 34380 315436864 704 36594 992
26922 10595
34920 2603 35822
1710
23952 13563
35822 1710 34920 26662692210595 34926 2588 32132 5404 22782 14804 34926 2610
23952 1356321564 1597226922 10605 30456 7101 34920 2673 32132 5470 358220 22782 14850 32226 530736110 1422
21564 15960 23952 13567 3686465826922 10609 36864
655
36864 668 36036 1517 34380 3143 343803142 34920 2608 36594 923 23952 13582 21564
15972
29034 8584 36594 0 34380 325232132 5442
33402 4117 36666 866
36666 8572156415968
30524 6993 34380 3138 35822 1706 34920 263733402 4121 23952
13570 36036 1481 2156415953
36864652 36594973 34926 2591 23952
13569 36864 648 36594 92534380 3154 29034 8489 2278214782 23952
1364523952 13608 26922 10626
32660 4902 36666 853 35822
1710 23952 13581 36110
1412 34380 3154 304467077 32660
490433402 4184 32360 5174 2395213571
32226
5306 34920 2637 33402 4193 32360 0 32132 5500 36666
852 358221710 36594 924 323605158 360361500 23952 13573
36864 702 35822 1697 32660 4872 32132 5391 22782 1474129034 8526 34926 2695 34920 0 36594 103832360
5159 30524 7008 320425481 34926 2606 34164 3353 34380 3138290348494
32042 5515 36864
659
34920 2602 36594 923 30446 7071 30524 6992 32360 520736864653 33402 4119 36864 648 30456 7063 343803154 36110 1413
36864 700 36036 1576 30456 0
34926 2706 32660 4858 32360 5168 36666 863 36864 653 23952 13677 21564
0
30446 7186 36666 866 22782 14743 29034 8501 34164
3372 26922 10627 26922 10610 334024123 30446 7089 32042
5494 34164 3364
35822 1697 34920 2616 32360 5187 34164
3361 358221714 36594 940 33402 4120 35822 1735 36666 949 22782
0 32226 5406
32132 5400
30446
7079 35822 1713 32226 5310 22782 14767 29034
8485 29034 8498 36666869 33402 4122 26922 10594
34164 3391 32360 5172 36594 929 35822 170630446 711134380 323836594 0 32042 5590 32042 5490 34926 2607
30524 6998 36110 1456
36864
765 305240 21564 16068
34164 3383 343803212 33402 4172 2156415996 36666 882 32132 5430 2692210597 21564
15968 32132 5401 30456 7066 34926 260829034
8489 34380 3184 32660 4926 2692210612
34164 3359 34380 3152
35822 1735 30524 7069 32042 5572
30524 0 34920 2712 334024169 32360 515736036 1492 21564 15959 33402 4126 360361537 32360 5267 36594 0 33402
4230 36110 1464 320425518 32132
5416 36864 698 34920 2599334024130 30524 7009 34926
2596 21564 15970 36110 1413 32360 5204 22782 14804 22782 14752 29034 8489 36110 1422 34164 3393
21564 16053 36594 0 34926 2706 34380 3205 32042 555536110 1408 305247004
29034 8495 32042 5475
34164 3463 34380
0 36110 1522 34920 2681 29034
0 30456 7170 36036
1566 36666
034380324630446 7157 32132 0 23952
13674 29034
8570 36666 0 36864
742 22782 0 30446 7177
30456 7149 30524
0 341643442 26922 0 36666 958 30524
7083 349200 23952 13675 36594 0 36594 102936110
1498 36666 0 22782 14846 34380 0 32132 5492 21564 16031 29034 0334024180 32360 0 33402
0 34920 0 32132 479 23952 2872
322264758 320421559 
