23952 13671 34926
2623 36594 95434164 3390
227821481933402 4105 22782 14809 32132 5469 23952 1356632132 5386 23952 13584
22782
14743 36864 670 36594 993 32132 5459 36110
1491 32226 5366 32042
5514 322265325 32132 5461 33402
4195 32660 4964 32660 4963
360361539 34380 3143 32042 5494 34920 2612 21564 1596133402 4132 358221801 36594 1029 23952 13640 34926 2640 360361515
35822 1728 22782 14811 36594 1003 32132 5469 32660
4870 304567132 33402 4199 36666
852 32226 5306 23952 13566 34926 2592
30446 7090 33402 4123 33402 413236666 920 36036 1551 36666 921 36864 737 26922
10611 2395213636
36594 1007 35822 1712 227821475422782
1473329034 8502 32226
5301
365941030 34926 2697 32042 5550 34920 2646 32132
5419 36036 1514 305247069 32360
5237 32360 5241 34164 3411
34920 2597 23952 13573 322265290 21564 15972 32226 5305 34380 3152 32226530736864
759 35822 1801
29034 8558 30524 7012 33402 4113 30524 7012 290348493
21564 16023 349202671 34380
3206 30456 7136321325432 36110 1452 34164
3404 23952
13606 29034 8532 29034 8534 21564 15989 36864 729 34164 3433 32042 5559 34920
2613 32226 529330446
7090 26922 10612 34380 3153
35822 1703 32132 5396 36666848 32360 5233 2692210675 34926 2675
36110 1462
365941007 34926264036036 151532360
5190 26922 10701 358221801 32132
5402 35822
1701305247008 32042 5559 36110 1462 32660 4941 32042 5522 21564 15998 36036 1532 36110 1448 32360 520632360 5208 30524 7029 32226 5397 36594 1029 34920 2609 32360 5158
36666 87036036 1499 32660 4941 34926 2646 2395213649 30446
7111 21564
15993 349202644 36864 697 2692210628 
